start=4701.780000
volume=114.000000
fullscreen=yes
