start=3298.416667
volume=98.000000
sid=no
